//The maximum value of "X" and "Y" that robots can move in (miles by miles)
4000 4500
//P=Number of planes available for robots to be in
15
//n=Number of robots
2500
//S=Average speed of robots miles per hour
460
//R=Max transmission range miles
50
//p=probability of failure
0.0001
//H=min horizontal separation between any two robots in the same place in miles
15
//s=siesta time for each robot after reaching the destination in hours
0.80
//t=run time of simulation (in hours)
52
//starting point of each robot (2500 pairs)
2863 2403
2439 901
3916 3342
2318 4480
3684 3611
2140 1659
2550 161
204 2930
3823 2905
1310 3529
1743 4251
3212 731
1818 88
3823 3911
2236 2100
917 280
2103 2685
3568 333
2621 3129
788 2231
2722 3470
2222 2377
3245 902
3509 656
945 4
3338 4226
2980 1988
2341 3470
2924 2012
2982 4317
3148 3197
1746 2044
2293 2128
3371 184
575 4397
3983 1171
1794 3742
415 2990
1556 1236
1404 1142
568 3644
2531 2511
2528 1305
1268 378
45 544
1372 936
3799 1069
2835 4365
1339 455
3820 1523
1430 3764
7 1166
20 2584
1962 4110
1352 4144
1528 2053
384 2212
3269 4396
310 3953
3288 1274
622 3414
118 103
2536 3544
1241 948
490 601
1318 1294
1278 56
3585 1375
3232 1681
2211 260
3197 1817
2984 406
2955 3990
448 2061
1681 3293
3569 2053
1116 3023
731 2694
3227 4405
2500 978
1055 1258
3162 919
2364 424
546 375
2381 2302
675 3167
1302 3439
1934 3383
51 4226
1136 3362
2702 3835
3161 1759
965 3930
34 2914
3319 1338
1994 3731
2994 1509
3176 2338
2452 2438
1997 2900
3000 128
3450 4088
2251 848
523 2316
753 1938
2343 3905
2779 3950
2166 1851
1956 1798
3851 3230
342 2200
1014 1340
52 1529
3821 4455
3880 4337
555 2119
1759 2877
3988 2912
3958 3968
3312 237
2970 2222
1837 1795
2846 2838
536 3918
3174 1721
122 960
2315 3516
2235 1175
3099 2541
3582 1003
933 633
2178 1009
1168 517
1711 249
3522 4025
1687 2733
2286 4096
3900 2663
118 3846
2345 1720
822 380
785 2644
3733 4164
3568 2962
322 3311
3489 1911
3945 2723
3277 2708
3796 1058
427 2684
811 354
3960 4046
3843 1904
2566 3008
3225 4351
926 4139
3914 2309
69 669
3777 4306
1163 1649
891 3462
3899 651
88 4486
2484 4348
363 1679
2570 3574
2991 4453
717 570
377 1337
2507 2296
1134 1006
3408 511
2017 4286
1784 2128
2351 3017
2630 4465
3777 3331
1495 1950
415 3804
3508 4336
3208 3038
2310 1948
1297 1967
688 4450
1335 4007
218 2911
1320 3512
331 4495
3669 3875
2561 313
2203 665
1514 1891
2862 2926
3400 33
2463 3356
91 1119
1680 2983
2832 2737
2584 1886
3157 302
3121 2057
556 3138
2463 47
2648 736
2629 1685
2065 1091
820 3634
1651 2943
1187 706
2869 3032
2348 740
1491 2646
3469 3625
908 3001
289 2134
1411 2241
287 2579
1156 421
35 3064
3217 3173
3953 3088
1400 1085
918 3511
175 2756
1001 243
1246 2200
2807 519
1920 2771
337 2479
3319 3646
3133 4477
365 823
86 81
682 2843
2073 1435
2581 2770
1410 55
2742 4052
3257 592
1434 391
3047 2765
1666 82
651 3887
3185 4304
372 3029
37 2059
3404 4473
3686 4469
2379 751
878 951
2439 1853
376 4190
1634 3131
545 3102
1719 2607
3205 4286
769 3342
193 760
2313 329
81 710
887 963
2154 3803
1238 844
3058 1613
362 3115
1222 2913
3648 662
1909 1575
2081 2184
2438 2100
2910 480
2106 2311
3487 255
1061 487
3783 3387
1659 2348
586 277
3958 1780
3493 1119
2486 994
3725 3500
2395 3319
1095 692
161 203
1062 3142
2593 417
1854 2490
1721 517
2750 112
3893 1137
3689 2952
1650 1520
1109 3527
2003 3826
630 367
1906 1222
3455 1748
2141 4273
2031 3549
959 3230
65 991
3370 1113
416 1449
232 2669
2525 3935
2832 3817
1101 1659
1194 1238
1460 1174
1841 2205
2612 855
3549 827
886 1695
915 337
72 2163
2429 4044
3140 1150
945 3159
3253 743
934 4299
2902 4084
876 1274
1494 2827
3985 2227
359 1170
2338 1110
1314 3373
258 3718
1331 2964
103 3273
372 4423
2299 678
1068 3641
253 88
529 2685
1847 899
109 2272
3057 3354
3884 2719
3240 2670
1522 3302
3940 3411
3584 1622
2280 159
763 1845
1476 695
557 2278
3449 3341
1331 307
63 2539
2260 4394
1450 2218
3193 1731
877 3706
3941 1436
3420 3278
3394 1946
1387 1616
3991 3675
1018 4080
956 125
3315 3250
910 1382
241 2345
2570 98
1650 4062
2353 1106
113 1818
1484 2214
3839 2300
564 3359
199 3922
2219 2883
1223 3180
637 2263
2978 2321
3254 491
1300 2416
590 2881
1062 2210
1297 3142
723 4336
3626 4285
560 2712
1616 4242
3951 2275
3428 3345
3062 2217
3912 4307
669 2640
4 1591
1447 628
1108 4035
356 2156
3682 2210
1025 3288
906 2108
747 1992
2261 388
3859 2711
2001 3164
1210 974
2060 1075
2635 316
1373 3745
2236 856
1892 3054
1959 4368
1345 186
2745 44
3452 2975
2728 4108
2745 1156
1116 1747
2225 1453
3709 4012
3969 2540
345 1340
203 653
2498 171
951 84
542 397
3728 297
1030 2465
3914 972
425 2358
1599 4297
2957 3776
84 1753
2120 1160
3839 1217
2055 92
3620 3003
791 4088
2369 863
3679 860
1667 2917
3088 3799
2101 2671
3922 2791
3997 3290
1638 1530
866 1814
1966 168
3301 1111
1107 2975
2461 1649
313 4353
2019 517
732 1191
3472 1571
3822 3540
1185 4118
428 3382
731 4027
1255 1923
1636 4093
1034 1028
3443 781
3215 2258
702 722
332 1553
3660 1164
2303 226
2280 3621
1358 1846
1642 3221
3009 2925
3102 2803
175 1356
1183 3330
3418 4186
3732 3821
1008 3175
431 3823
426 1490
1244 3065
356 3184
1064 2746
3486 169
1357 256
725 1700
2221 4065
67 3119
629 2738
1811 1070
519 2261
824 1959
1223 687
1647 296
26 3915
3769 3242
2793 37
397 3281
2506 201
1535 744
3005 27
3848 1075
2234 2145
1499 134
3329 2514
2193 2247
1586 3909
804 3638
1900 2941
1607 509
793 3625
124 2111
458 2074
2718 2461
3216 1294
265 506
898 1294
1946 557
2161 4351
3507 3731
3111 1719
934 2014
1286 1993
1295 3733
3228 1307
1016 4378
2571 1217
3868 4255
3900 2217
497 439
3187 3725
902 2450
1969 1961
1099 490
1528 348
1073 2286
3107 2577
1341 3672
2288 2624
590 3022
548 3825
2959 2310
134 420
1879 4292
1282 2434
595 213
3370 3505
128 4274
625 3099
3821 3986
672 966
1789 3284
89 3356
784 315
3740 678
1493 1762
1380 2037
3841 4260
352 3205
2044 1795
3864 1444
3153 3785
3714 993
2662 4490
2162 1734
2639 3975
2511 1178
2013 4151
1610 44
1964 1294
3589 1798
75 764
670 3406
2808 1754
3274 384
3447 1998
710 2503
3678 3812
1705 2727
3205 3606
321 892
2118 2473
1964 2204
3055 375
3797 170
2176 351
884 1005
2006 2549
1208 2783
2694 771
2074 1240
716 2048
2094 970
2822 321
1368 2953
1984 3584
834 3103
828 3145
3479 2111
2715 3049
3973 2784
1761 3512
2165 3526
891 4293
218 1589
2180 3634
3730 2834
1131 3620
76 335
103 1238
3137 3114
2965 1318
2167 3363
3478 2392
65 3612
2786 3748
3759 4481
712 4049
3341 1793
3655 3330
3971 3381
67 4449
444 3098
3455 2604
1626 1811
2718 3579
1773 1815
3573 1355
3509 663
955 3572
3656 3110
3751 1133
2627 3204
3471 4215
1807 1723
3877 2793
642 1286
1129 147
2701 3386
727 3839
3534 1308
499 2762
492 4054
1558 2413
409 3946
89 3095
638 540
3303 1356
3254 3442
1328 1795
3283 4171
507 106
1732 265
2539 708
483 3872
2503 561
3862 1734
3640 2805
2265 1457
515 3400
1289 1491
3337 2586
1442 1266
1843 182
1840 4414
876 4097
1682 3522
130 4304
655 455
722 288
1064 1044
1661 1088
1004 4039
2889 3484
839 910
2940 2203
2544 2593
306 2202
371 2484
2651 683
2392 2674
2789 629
2565 3218
2816 822
1411 4290
1837 2093
573 291
1958 406
3663 2666
1294 2083
2235 3090
3322 1159
983 3282
1097 3799
2824 2444
3455 2753
1753 129
1864 3022
2139 1239
2401 2411
773 2428
1685 1153
2971 1214
1385 2571
346 4438
2293 2251
913 899
2371 4101
3055 1979
3575 4103
1763 3869
1905 3643
359 3814
107 515
2394 3680
2221 2881
3968 3544
1078 86
1061 2583
2058 4392
1532 3163
3030 3239
3878 1635
1534 1072
1744 2495
3632 427
1525 3097
380 1500
252 2752
666 4029
971 1043
3890 1209
1723 4198
2033 1982
3720 2581
2584 852
3700 4130
2115 3319
409 3404
3360 3268
1856 3548
2713 198
3639 2072
1035 1366
2770 4213
3824 2941
1630 2786
2932 680
2921 2199
1156 164
3420 4243
1232 3880
3634 3233
679 2086
638 1607
924 1380
3086 1981
1725 2045
2213 4178
1436 4366
2696 920
2991 4472
2470 4465
3127 1376
738 1699
29 2761
1869 3615
3484 2344
1921 3672
541 861
1162 3578
576 1509
2820 2921
3529 4352
751 1253
2391 3608
518 1435
1450 2927
780 1413
979 4123
3745 3888
1115 3518
1399 2778
3357 4356
2277 4096
3896 3318
3172 754
2718 3954
242 1855
1154 4356
439 3666
471 4077
3119 924
1935 667
1763 992
1303 747
2284 985
1019 1919
2065 1629
3941 395
3239 4113
1591 1248
1217 3871
34 4329
2557 2176
2359 3522
101 1245
3225 547
2984 1677
8 650
533 3110
2108 1569
2338 3636
665 2583
3651 1138
1449 3143
1707 903
633 880
1667 3781
2406 4137
787 2348
2036 4307
2521 2443
562 1324
1650 599
2721 646
1439 3784
3818 534
1548 220
2771 2233
2776 1955
196 1738
485 4011
1423 3710
473 2748
2819 4075
3084 372
3790 2751
728 2564
2873 187
2669 3923
646 3508
2290 984
1354 2636
985 178
3234 1655
589 474
900 3430
1890 552
3343 3325
748 1422
704 3608
1713 3486
1490 1247
3573 1543
3746 3677
1322 2930
3315 3700
1091 1212
3254 4061
2211 3464
2312 354
3208 1516
3033 2995
3430 833
554 266
2936 4406
3417 1580
2783 1618
1405 3590
3384 276
2770 4064
411 4461
148 2233
1105 1813
1958 914
1236 4199
744 1878
2951 437
3999 410
65 3180
1678 3186
817 3948
332 1581
3187 2150
506 4108
3672 70
225 2211
308 3037
3903 3647
1199 1179
1557 2045
2782 4209
3000 3604
3172 1966
2453 2693
1439 1170
3126 627
2566 4430
2795 1014
3633 3085
2797 3593
1105 2594
1140 1320
3507 3126
1360 283
485 851
3165 3394
1270 4342
49 1210
509 1269
2233 1618
3458 2376
2212 2960
936 4126
3399 417
3903 3376
3608 2764
2250 2658
713 536
2601 2054
3696 442
387 2476
1908 767
1875 122
3287 3044
3887 1935
392 2818
509 1528
3736 3367
92 2822
237 4319
3379 1113
347 1669
1148 796
767 3270
3147 4019
2474 3018
1432 2069
1051 1413
203 1721
756 931
380 779
483 2456
2609 1241
1947 1002
2626 1934
383 104
1588 4339
1014 3821
1853 477
3533 1312
3341 428
3558 354
3245 1922
1072 3003
307 2789
2789 2882
1752 3835
3458 3022
507 2434
2874 50
2760 4360
280 1606
3189 2679
1094 1771
825 1861
3403 4250
1996 4038
1486 4499
1134 189
2937 1013
30 3687
584 165
2929 2049
2340 2452
398 2618
2890 4150
1550 3925
2406 3899
99 2397
1125 972
614 3935
1843 2984
3076 3387
565 2432
1922 3891
1552 381
3226 2220
14 3918
3291 150
2498 1538
41 3279
1176 2810
2764 4178
2228 2821
1183 2272
3900 3378
3042 2332
286 599
1434 2172
1070 4408
1256 199
256 1057
775 2870
463 4024
3474 3288
174 4462
3633 4228
822 1912
2322 3764
3888 3783
783 2314
979 4390
3558 2867
1296 1296
1687 3916
2048 1530
3063 2902
111 4346
2658 265
1722 239
3250 2982
3033 2543
1845 4425
3370 3694
1251 2909
2210 2349
2043 1921
3135 3598
3198 398
1381 2505
1254 3724
1889 4492
874 3166
902 1185
3646 1078
3041 2346
1623 4134
112 2398
3024 3058
2056 4077
3178 2263
3901 3488
1271 4455
3316 1524
3444 1026
665 2592
2854 3932
2958 4432
761 3419
1386 3410
3030 2606
3637 328
3545 139
464 2664
1595 1128
174 540
2297 1976
3047 3648
3409 3137
2721 1027
3497 3990
1608 3076
293 829
3231 2393
717 193
1370 4482
1332 3403
593 969
2375 4060
3555 1290
3495 1067
3759 2746
738 208
6 1235
447 4179
530 2219
318 531
3533 3918
707 1015
3998 3159
892 2629
1651 1601
3632 212
3147 3681
1162 2458
867 4275
3233 1771
1418 2867
3787 3562
1995 121
730 2399
1679 1126
3641 3822
3666 967
3491 1249
154 1656
3610 840
254 1303
3297 2628
2809 618
1037 826
3935 2545
2847 822
2739 3086
3054 1107
3695 1733
2907 4376
2078 3104
657 730
1782 264
522 2573
3780 58
2031 3820
189 2796
1319 292
3251 1632
357 1626
3070 4494
2197 3844
2154 3274
658 1038
1805 2819
1414 2940
2564 4184
2669 1682
500 2978
553 2896
26 3093
953 4369
230 3883
541 285
1424 3144
1732 2524
1183 1644
819 2342
562 1395
2495 3230
3576 4049
482 1433
2637 3845
831 528
3816 4302
3758 679
897 2006
1419 360
3041 2602
3186 3040
2369 455
3498 3387
773 3566
1430 1241
2900 659
932 3668
152 1892
2997 480
2267 4139
1246 914
2620 80
436 1800
3035 1270
1346 3824
42 561
3040 2529
2053 4266
502 3568
101 1655
501 3899
1987 4193
1569 3633
2891 560
451 3617
2785 1116
2053 3782
1066 2670
81 2585
3967 2135
3974 4099
1823 2284
1061 2701
1545 3019
1207 404
1180 4304
325 895
3178 2002
2825 3254
2501 1357
2708 2855
677 2397
614 3430
2445 4138
1181 4140
3711 2479
3204 2478
1496 963
1642 4451
2666 3564
1684 232
3290 103
2035 3329
667 1414
184 3697
3547 1337
3796 3106
3189 1616
2966 4153
1416 2263
3955 2100
1502 1717
648 3348
621 2387
3299 2611
137 3227
225 3750
3522 2814
3246 659
96 1861
2382 1336
3494 2131
132 2837
2407 497
3013 67
1889 2194
2540 736
3212 4294
2704 1984
3443 3441
2337 2862
1957 2095
3149 764
963 520
3239 774
2190 2678
3596 4232
3629 3113
2372 4058
1394 2392
569 201
3109 3644
431 2460
328 4017
121 4168
3796 1668
1143 1167
3316 4317
3230 1835
2745 3884
1559 2187
1203 2615
1869 3948
2354 3125
1025 500
1444 3484
368 1481
2489 2428
3434 3058
1430 1083
351 1566
341 3976
891 795
1237 2878
445 4265
3537 833
862 2184
567 2952
2975 882
1370 1037
3832 1743
2545 4135
2260 786
1114 4304
2548 1303
402 576
200 2005
3101 187
1602 1877
1433 1308
2271 4270
2333 1387
907 790
2235 2730
749 4348
3182 2981
1348 572
1130 3151
2847 748
1273 215
3592 1587
10 3697
3389 3403
540 3464
2840 450
1021 1470
3351 233
2650 41
3216 1475
2768 1752
2464 3023
3077 3018
1975 1971
3163 4153
652 338
1319 1054
395 1396
1570 968
3785 3426
1844 2118
162 3549
3586 392
2843 2109
3299 1283
1858 1230
3584 1727
1897 4180
1727 1018
2333 1493
1311 1841
3861 954
2427 2857
3080 95
911 2373
2637 2013
251 192
3466 995
1395 3722
3100 3069
3839 112
2453 2275
1834 4003
716 4257
3039 764
3514 747
2527 2765
1735 233
2021 3728
727 1177
1267 3103
963 1338
2503 77
842 3840
2068 1138
2320 2721
1804 4055
1487 1362
3183 2067
3014 3227
1823 3708
1045 261
2595 2218
3262 2016
2435 3666
2863 2341
2580 2311
1460 1216
3136 1421
3519 1985
2716 1465
1715 2280
2359 1232
2860 3287
970 589
1024 206
299 2091
3222 2217
1712 822
2594 597
806 3430
977 3160
2148 268
3837 4218
2144 457
2074 2159
2318 1405
152 585
1580 3395
1873 1687
3111 382
822 2150
2234 3014
1781 812
2831 3925
3368 2706
2669 3361
958 4124
325 3269
3878 2385
1257 3499
777 634
2450 3493
1864 3432
1706 3039
390 3030
2857 1230
1419 525
2227 3449
575 3902
2457 3505
918 2987
1038 4127
3249 3746
290 546
195 3009
3140 4222
242 1
3562 290
3461 3520
814 3072
3015 146
3098 758
3547 1772
1568 552
1439 1416
2330 460
3662 2409
2192 2386
3525 3129
3855 2851
2760 1373
2506 1930
3553 3492
851 1595
904 2214
3605 1626
2653 4192
100 886
3557 409
121 1883
1761 4274
3046 3303
343 3071
90 2363
1809 1620
732 764
3274 2565
3970 2018
1623 1555
1120 498
724 169
3587 3904
1653 995
1755 4427
2041 1579
2564 3557
2660 2453
772 3331
2174 4015
1372 926
3013 3094
3608 3896
1235 3291
2171 419
3755 2594
3164 2446
3243 4138
950 1812
211 4022
1283 3890
974 174
59 455
2876 1767
2019 1229
1508 1135
3620 2310
10 334
1428 2220
542 139
2235 3069
2713 1555
179 4201
2239 438
3918 3354
1230 3556
2749 2923
2286 2152
3848 3216
2690 3603
587 4122
905 1213
2864 3089
2685 1249
2163 3314
2249 3348
1068 99
1340 2874
745 4040
3974 365
2166 2796
1652 3418
3862 2640
2260 1149
3768 2359
448 2891
3283 1506
3536 2891
1822 1839
2518 1612
1049 1269
2226 1093
731 2535
2092 2993
1258 4197
1168 288
2884 2661
1037 2363
2012 2100
1216 582
485 1872
1342 74
2498 4139
3693 4195
551 3116
732 3499
1073 2858
3275 1167
259 765
2306 1810
253 4049
3763 41
929 215
3686 1032
301 1615
558 4449
418 2249
948 3807
3785 2429
2474 1183
2559 2658
2109 2798
2998 2314
3183 385
3089 4499
1841 1498
3561 4058
264 996
1900 1468
3137 2594
3993 3123
3427 3504
2212 875
2691 3458
1592 4377
1252 2362
2205 1410
3049 2126
1489 1434
1039 3230
1008 3761
1827 340
3594 3629
393 913
1735 70
1483 2790
3022 188
1058 4256
2935 3368
275 2497
3365 122
2749 3598
2747 4208
3126 2595
558 2670
3395 703
266 298
1298 731
948 3515
3520 3359
384 2115
1338 1721
2407 3118
3077 2292
195 3673
2954 2807
999 3171
3506 1011
593 2957
1555 4335
99 2347
253 3782
666 965
2213 3101
2869 459
2835 4286
3473 1450
1835 1670
2770 1371
791 4471
664 1224
2111 1454
3418 1013
3625 1628
759 448
57 2609
1569 4125
2886 2584
1626 2223
864 1742
558 359
3168 4260
430 3537
3021 4173
983 2273
2128 3795
1837 1778
3189 3387
3975 3330
3942 4236
1232 861
1997 2779
351 580
2240 4282
2402 3981
3858 893
355 3648
3416 387
1919 2615
862 308
1878 4405
464 3080
2270 768
482 4487
478 4360
2321 2999
2033 1235
316 4266
2322 784
3435 4404
903 3617
1307 1624
2162 1500
3018 2918
2164 3200
1091 1857
2098 4126
1887 1481
301 3666
200 4126
33 2533
3328 2842
1217 1341
2760 3664
2926 4076
2022 1374
2888 1066
3370 2996
2608 3397
575 1053
1664 2123
1824 1836
2784 754
567 2661
3211 3373
3490 3445
497 4238
3881 2983
3887 3128
226 1091
2573 4231
3667 2858
823 4352
2762 1294
297 3626
2708 1441
2683 3672
2002 2414
427 1907
3741 615
624 444
45 4418
133 3329
724 3510
1066 809
2775 4305
2793 4056
2362 2141
2220 3693
809 3280
1908 3844
2068 4485
290 2484
378 1387
1765 1952
2224 2466
3038 4139
346 2450
3715 4207
2407 2096
3144 4096
84 4025
448 3241
2488 3462
901 111
3925 1287
885 929
2638 1358
2327 66
3637 2165
2580 3928
1355 3747
2495 656
788 3502
3259 207
2188 2790
876 3314
3771 2550
3333 2801
3539 1584
3720 1463
331 1874
1809 1214
1306 2489
1041 3531
3850 4113
101 543
3283 4109
2285 846
1082 4347
2093 3796
3818 806
1910 1625
268 2182
1054 417
1874 4316
519 2507
2203 1439
3159 4151
1522 1592
3277 2897
2072 135
333 2848
2378 442
3662 134
3981 2903
1407 4134
3315 389
1482 4066
3754 409
811 3787
1158 753
1264 15
3136 2107
2279 2254
492 2919
3230 4125
586 3957
1302 4160
383 3801
3066 4359
2277 1051
389 3705
2429 950
2913 2090
3797 3987
3935 1302
603 4399
1416 1577
2855 359
3394 568
2114 1866
3626 1559
3349 1957
3088 4272
3043 2007
3231 422
1297 1053
1089 252
280 2217
1584 2578
2959 473
2206 1066
2660 2331
3064 760
2101 4387
842 71
3984 2880
1760 695
1308 3379
3943 776
1756 3504
2813 2264
313 4004
3860 4124
2821 1341
1122 995
2735 1240
1546 1904
3452 3013
2725 1436
2675 2713
1696 3537
942 3564
391 3078
3175 530
2915 1435
2027 1005
535 4324
1607 216
634 3488
2212 3822
1854 1022
2777 4452
1327 3241
1014 76
1165 2958
278 3000
2014 3762
1418 4128
1071 1287
3168 1263
490 2644
2276 4327
2856 2071
567 1914
85 3667
2043 4077
3064 3688
558 886
367 1107
1841 1697
1721 3496
3306 321
998 3780
2879 1340
2425 2179
3121 3926
3932 1225
2906 3941
2632 3297
1100 3921
2314 3727
3982 2143
585 734
3602 3077
2785 708
3302 97
3303 1866
3401 1555
3044 2239
2848 3933
2961 3798
3275 2416
138 2872
3692 2221
371 1186
2156 1615
3883 2649
3194 2710
3125 1576
3700 387
3758 162
2405 2020
2634 3414
186 2557
1687 1714
459 721
82 1805
524 3305
36 2063
1766 2286
960 1831
2364 1948
2473 2099
203 1066
2464 1116
2257 1848
2289 2816
3737 3169
971 1665
3513 1241
2366 1596
286 3203
594 1703
1353 2563
1831 289
2372 1453
3634 1876
3384 2396
1780 757
3321 864
2831 3643
3808 782
3267 3168
2351 1776
1867 1919
1966 2876
2320 745
3665 3983
1340 3956
1137 1079
512 2165
3116 2483
2620 1086
2008 699
3119 1807
1037 334
2158 3087
2272 3518
1610 4040
3580 1999
3162 4246
411 140
2290 4292
2970 3343
2002 4323
789 2546
3536 2657
256 1020
122 1801
2075 2589
808 1946
2459 292
669 1877
398 4023
2390 605
1930 1968
3936 3779
1796 830
1512 3365
3917 3155
1994 3415
2619 3686
817 3120
761 4270
2488 1535
3005 10
1515 1438
968 1611
1314 170
3455 698
3417 3818
581 1647
1912 3420
2327 199
565 3957
3394 1271
1684 3679
307 1994
3110 3581
3442 2132
908 676
1088 1153
1532 2161
233 2989
2390 409
3423 1531
3536 3708
3387 2924
2454 1298
1364 1998
446 657
3230 3341
1970 2109
2324 2526
971 3595
2322 2397
708 1755
3712 3167
2306 4000
3932 4489
2806 4128
1786 227
94 2287
1594 2686
3882 1920
3318 2200
1819 1874
1449 364
1371 2382
3054 4114
3596 2236
1685 3593
2041 1453
652 2223
3583 643
293 3259
1222 1544
2969 873
2797 3407
2875 4430
281 4428
2362 3672
3877 411
311 3422
110 3812
1444 211
501 309
394 921
1984 2916
2160 3152
1380 4070
2804 3724
1413 473
734 501
2696 757
1526 2635
3242 3506
3376 4117
3625 2724
3316 1885
980 1811
1865 218
3127 118
2395 1065
978 2419
2791 230
868 82
2557 746
1132 3433
1850 3888
3631 4348
346 3867
1862 3490
945 1558
899 826
1193 4007
3275 545
1821 4241
1752 2936
183 1472
2025 4260
3467 613
1881 1486
1473 3565
559 3051
2527 644
571 4343
2044 1254
1263 2730
2331 28
3159 1136
47 274
956 3632
929 432
2251 3135
2910 2837
2869 609
1430 4325
398 4276
1556 608
1628 1997
826 2459
2206 698
2991 3841
2440 794
2506 3740
278 177
2148 1141
3739 3626
3588 2983
392 1225
918 1993
3802 6
1703 33
2429 2474
716 1645
870 2014
2396 1556
184 2094
2037 377
238 1703
1943 1737
280 4033
2243 3050
2392 468
105 1321
212 3267
148 606
857 3435
2384 2475
2917 3331
985 271
3989 1174
2454 2798
1761 860
830 2112
1185 3659
2414 3237
3146 3794
1492 243
1762 3366
1636 2265
2094 3984
1250 2212
1642 2090
525 1272
3477 4316
1418 1435
529 1915
1555 3640
1131 4226
950 1830
3585 2505
3989 1079
490 1430
1392 1670
1561 2438
438 4415
1324 3343
2146 503
3793 548
845 4391
239 4161
2400 1516
1834 1279
2348 1624
1818 2538
3084 2256
2042 10
2427 4349
3552 327
1475 417
465 3421
3569 1472
3399 1679
3951 1751
3555 1245
3442 724
2911 1177
1387 4372
3826 2971
3125 3772
2922 4442
3666 3717
3083 2736
1882 1479
544 2565
895 3940
3011 533
3438 1348
129 1227
1949 383
1185 890
1888 799
2814 2746
3094 1119
2621 2858
39 1025
1165 2388
1448 580
3374 297
2226 1087
3610 2965
1012 1434
211 4431
1631 2742
1608 213
3756 3077
691 3132
2167 2397
2061 3325
490 722
3337 998
2694 2254
2240 4482
2337 1000
3025 3287
1824 4348
2865 1105
730 2868
3779 689
499 3234
809 739
3386 2735
2784 1467
219 2678
3955 3732
2455 471
3774 1782
1629 3062
3942 3385
3034 256
1601 835
3411 3022
2365 4377
3870 4173
2053 4069
2351 1629
2456 1816
3832 3015
1501 294
3219 1053
3764 4450
933 4171
466 1581
91 1441
3353 2259
2607 866
1577 305
1274 74
1245 786
66 3254
1433 573
327 380
965 1132
1962 2429
1751 3316
1220 4140
3789 2360
463 1850
3809 4166
2219 1080
3800 2912
356 50
1010 1779
3870 2458
340 4236
1435 902
195 366
3502 3661
3628 668
2741 3892
3443 2173
3529 455
787 3293
980 3914
3807 4083
256 1733
2479 3494
3092 3199
153 318
3328 3807
1136 4248
1818 2233
1512 470
3484 3896
2595 1359
2016 3617
961 3104
1516 2102
3059 4445
3257 2343
601 439
2377 800
3509 4381
2323 1225
1233 740
3101 3764
1266 3777
2323 4125
113 1737
2892 414
3442 1706
884 2924
1613 1171
579 4184
1589 1377
3784 226
1024 1401
2782 838
1399 1245
2476 1820
2095 2694
2230 2179
2106 3004
1948 1804
435 2081
1755 1705
1059 3250
2640 3470
3506 4249
3098 2775
3315 2929
3499 9
873 3263
2320 23
574 1775
2267 3381
3067 1432
2273 1178
3285 3315
493 3310
3092 3346
3283 4207
3469 2552
3141 2402
2605 4160
1238 1824
2009 9
2303 3928
2895 2499
1063 3606
349 2169
1029 3214
3582 3093
2447 4259
615 1792
3798 629
3284 174
3374 382
3320 4229
539 2930
3759 208
1415 986
339 727
996 3441
2970 3129
2151 1197
1883 1449
2593 1309
1945 479
157 809
3820 3774
1519 1138
3899 763
2337 2085
634 2208
171 3528
1682 2765
3446 184
512 171
2517 3302
1753 3812
815 2063
3441 3076
2676 2245
1562 2486
2394 3256
3602 4298
2784 454
2665 453
977 4118
2309 3535
2424 1133
2609 3392
3381 3853
1842 2732
651 2016
1907 1374
2965 486
2540 4145
1570 1309
2002 383
291 2726
3568 1436
3533 2094
3674 3422
1498 122
3174 3213
626 2937
963 4283
3224 480
3352 3657
154 3524
1558 677
986 2678
855 2646
1863 3353
2833 4290
1658 2214
2850 1
1439 1498
3481 1710
3751 3149
930 610
2617 3432
594 398
3468 3073
460 1286
1811 3095
186 1303
864 3336
290 1297
1006 1487
1178 2832
1275 3781
1198 2991
3760 1082
2368 2129
945 2061
3499 1523
2202 1143
1984 2177
1786 563
2883 3523
2520 1901
2002 3270
1781 1903
3136 2782
1041 2619
513 2733
1621 2714
3266 3663
1852 2178
593 2818
363 2888
198 4475
3252 3186
2955 4329
981 2649
3366 568
2438 2302
3997 4034
1359 2577
877 2326
1826 4382
851 2944
1319 1203
3732 4263
1750 3069
82 4331
3907 425
2767 4447
1491 2276
3654 3316
2736 3699
1491 3021
2961 8
3991 4021
2415 4140
1897 4006
1058 2840
679 527
1716 1778
2659 2455
3100 3561
2098 2535
2272 3956
598 2317
3278 49
2094 3752
2636 2170
3331 2855
2403 2435
3655 1475
1078 177
1374 2328
831 586
2791 1554
3698 2586
2236 4399
3364 1655
3848 4016
1189 3642
413 3875
3409 2172
296 2667
1585 2881
924 3520
3193 2409
2064 3995
1924 1516
1104 3310
1791 31
1422 1970
725 3618
2361 1102
1807 2456
3970 1310
2080 4231
1348 3562
1751 237
1901 3540
3861 3378
483 2553
3596 4120
2188 1751
234 3021
1986 2268
367 1019
1778 1306
1814 2994
2719 217
3570 3730
564 3828
2590 4229
1048 3861
793 3260
1799 1927
3446 2202
3080 3137
3544 3547
2154 1195
1027 904
745 3511
197 2198
797 1321
1982 210
1351 3475
1491 1921
3576 613
2438 1216
3678 4317
2613 3101
763 1502
886 306
2569 2711
1825 3363
1617 2994
507 1864
3166 3111
2571 1623
3205 715
2961 4358
1449 682
1547 3049
222 1956
2380 2852
350 2771
3474 2607
2448 2554
40 3835
2235 4415
3384 2686
3348 3366
